
111111111111111111111111111111111111111111
222222333312222222222222331333331000001000
101112111312111111101112131111131011101011
100012221312131222101222133333331010001000
101111121112131212111211111311111010111110
101222122222331212222213333310001010000000
111212111111131211111111111310101011111110
122212222213331210000000001310100010100010
121111111211111210111111101110111110101010
122213331222221210100010000000100000101000
101213111111121210111010111111111110101111
101213333333121210001000100000000010101000
101213111313121211101110101111111010101110
101213331313121233100010100000001010101000
101211131311121211111011111111101110101011
101222131333121210000010000010001310001000
111112131113121210111110101010111310111110
122222131333121210000010101010133310100000
121111111311121211111010101110131110101110
122213331312221222331000100000131000100010
111213131312111112131111111111131011111010
122213133312222212131333133333331010000010
121113111111111212131313111111131011101110
121313333333331222133313333313331010001000
121313111111131311111111111313111010111011
121333333313331312222213331313100010101000
121111111113111312111213131313101110101110
122212222213333312221213133333100000100000
101212111213111111121213111111111111101111
101212101213333333121213122222222222100000
101212101211111311121213121111111112111110
101212101212221312221213121312222222100010
101212101212121112111213121312111113101010
101222101222122222122213121312131333101010
101111101111111111121111121312131311101010
100000000000100000122212223312133310001000
111111111110111011111212111112131110111111
101000100010001000001222331222133310133333
101010101011101111101111111211111110111311
100010001000101000000010122212222210001333
101111111110101011111010121112111211101113
100000000010000010000000122222331222222222
111111111111111111111111111111111111111111
000000000000000000000000000000000000000000